0.011
0.045
0.003
0.054
0.003
0.005
0.103
0.011
0.031
0.049
0.058
0.422
0.424
0.118
0.014
0.002
0.004
0.752
0.021
0.101
0
0.016
0.006
0.194
0.006
1.745
0.001
0.092
0.006
0.11
0
0.396
0.398
0.014
0.03
0.001
0.395
0.008
0.056
0.063
0.008
0.341
0.385
0.102
0.844
1.643
0.012
0.381
0.091
0.047
3.171
0.442
0.007
0.714
0.043
0.019
0.761
0.181
0.401
0.076
0.016
3.512
0.003
5.947
1.76
24.085
0.001
121.083
0.205
0.053
0.183
0.122
0.117
0.019
0.003
0.007
3.035
0.759
0.213
0.025
0.055
0.006
27.118
0.378
0.013
0.057
0.415
0.003
0.022
0.215
0.745
6.264
0.437
0.1
0.599
0.003
0.176
13.74
10.987
26.659
