0.004
0.008
0.018
0.009
0.021
0.001
0.001
0.023
0.012
0.009
0.019
0.004
0.009
0.024
0.003
0.008
0.007
0.007
0.014
0.008
0.01
0.005
0.006
0.002
0.003
0.007
0.008
0.019
0.01
0.001
0.016
0.002
0.02
0.002
0.001
0.001
0.019
0.017
0.003
0.003
0.014
0.022
0
0.011
0.002
0.006
0.005
0.005
0.002
0.013
0.026
0.001
0.003
0.002
0.016
0.001
0.013
0.001
0.012
0.009
0
0.001
0.004
0.005
0.001
0.002
0.009
0.001
0.03
0.005
0.005
0.017
0.01
0.005
0.004
0.01
0.001
0.003
0.003
0.017
0.01
0.002
0.012
0.002
0.02
0.016
0
0.006
0.016
0.001
0.01
0.001
0.008
0.011
0.008
0.003
0.001
0.002
0.001
0.009
