26140
114442
3484
122073
6351
8587
269930
29367
64725
101659
134214
1069778
1061385
244183
24319
2832
5824
1903768
52349
215019
282
29913
17186
483349
12602
3834724
460
243924
13813
267217
388
1043587
1004254
31445
67492
1051
980752
16891
130457
123563
23756
888287
1022975
270923
2182437
4243885
32329
1005669
221961
120063
8441793
1082942
15568
1791802
109850
48297
1929569
478043
1033813
213210
34577
8747309
2124
15192474
4395551
63705911
2200
269957329
501017
136659
427851
302091
251036
48050
3562
16317
7787254
1742455
513167
50564
138043
15109
68651690
979424
34007
135111
1061541
4137
63667
523422
1917696
15631336
1108430
269697
1575542
4121
444120
34617148
28455066
66630406
