0.032
0.002
0.032
0.001
0.001
0
0.001
0
0.001
0.003
0
0
0.013
0.001
0.002
0
0.001
0
0.026
0
0
0.001
0.001
0.024
0.001
0.004
0.001
0.004
0.002
0.007
0.001
0.002
0.005
0.265
0.001
0.005
0.001
0
0.001
0.022
6.684
0.002
0.001
0.001
0.003
0.001
1.023
0.002
0.19
0.005
0.002
0.002
0
20.579
0
0
0.002
0.009
0.05
0.001
0.011
0
0.001
0.002
0.011
0
0.001
7.421
0.002
0.358
0.033
0.017
0
0.001
0.001
0.457
0.219
0.036
0.001
0.002
0.016
0.001
0.003
0
0.045
0.001
0.017
2.554
0.039
0.001
0.01
0.005
0.487
0.001
0.013
0.001
0.001
1.052
0.002
0.013
