2397
73296
287
2452
17352
781
1486673
44167
5336
7686
189996
502
7603
45907
23678
460682
173594
786
33660
1071
2158
22
4731
15475
132
46594
15794
6
36619
589
810
50
547
45795
36244
84
3138295
14071
164799
6183
2329
351
175
3132
291355
84
33225
11695
515
95842
2767
19381
388618
3066148
144763
29462
71753
609149
19477
6553
1091590
50303
77177
98
60410
106
2773200
39204
93561
2292
1281
192970
40959
324453
8158
665
769897
12984
160166
6115
20564
358091
276579
561991
680
1481340
418536
138378
194489
231
48176
140566
346
322702
1495
378
34296
198
133181
41127
