0.002
0.027
0.001
0.002
0.007
0.001
0.564
0.017
0.002
0.003
0.095
0.002
0.002
0.017
0.008
0.201
0.062
0.002
0.012
0.001
0.002
0.001
0.002
0.005
0.001
0.018
0.006
0.001
0.014
0
0.001
0.001
0.001
0.017
0.013
0.001
1.285
0.005
0.057
0.002
0.002
0.001
0.001
0.002
0.111
0
0.015
0.005
0.001
0.043
0.002
0.009
0.145
1.242
0.062
0.011
0.029
0.238
0.011
0.004
0.489
0.019
0.03
0.001
0.033
0.001
1.069
0.014
0.034
0.006
0.001
0.071
0.015
0.12
0.006
0.001
0.304
0.005
0.061
0.005
0.008
0.14
0.105
0.234
0.002
0.58
0.164
0.05
0.074
0.004
0.018
0.05
0.001
0.123
0.001
0.001
0.013
0.002
0.051
0.02
