8923
16164
31162
16217
30947
960
1648
36199
18271
16226
30746
4227
16477
34970
1264
15637
9007
15564
16495
17486
16185
7591
9033
824
2189
15403
16397
34598
17567
887
37176
839
35732
2336
1003
1007
32068
37227
3552
3410
30750
32918
1154
18628
1349
9311
4665
8931
1264
26773
52450
992
2871
936
32851
456
18450
1165
18054
17107
768
262
8471
9161
68
4503
16523
1898
52941
9167
8900
27259
18344
3199
7874
18386
1159
1963
2845
34323
16361
1385
25762
2344
30324
29443
536
8282
25078
910
15782
848
17878
17626
15497
937
851
1774
1157
17987
