84020
4815
87608
29
664
43
554
159
497
5400
29
69
39947
21
178
113
1134
336
75670
127
299
84
54
69928
1318
9883
616
11768
3486
17248
3926
376
14502
694252
217
11346
1120
188
47
60242
16924732
3009
9
478
7885
3911
2704416
846
529515
11546
4411
1402
40
46928374
57
1286
86
27601
116613
653
33718
95
182
2145
27762
169
179
19158267
5227
930057
101814
42843
151
329
1339
1202337
513877
87656
122
1040
47923
160
7915
24
125380
1980
44592
6167532
75243
41
29003
8496
1407477
107
38640
61
1203
2520090
3098
40064
