0.019
0.028
0.048
0.021
0.034
0.001
0.001
0.072
0.033
0.016
0.041
0.004
0.02
0.05
0.001
0.027
0.02
0.024
0.024
0.018
0.013
0.01
0.024
0
0.001
0.019
0.025
0.061
0.032
0.001
0.109
0.001
0.059
0.001
0.001
0.001
0.055
0.078
0.002
0.001
0.053
0.065
0.001
0.035
0.001
0.014
0.015
0.018
0.001
0.026
0.03
0
0.002
0
0.05
0
0.049
0.002
0.02
0.023
0.001
0
0.018
0.021
0
0.014
0.034
0.001
0.037
0.024
0.019
0.021
0.03
0.001
0.013
0.054
0.003
0.001
0.001
0.051
0.013
0
0.019
0.001
0.044
0.038
0
0.015
0.019
0
0.016
0.001
0.025
0.037
0.019
0.001
0.001
0.001
0.001
0.041
