0.034
0.194
0.004
0.363
0.003
0.019
0.748
0.04
0.263
0.1
0.363
1.659
2.931
0.276
0.022
0.001
0.005
3.01
0.047
0.322
0
0.04
0.055
0.677
0.004
7.485
0
0.212
0.005
0.648
0
1.501
2.597
0.077
0.127
0.001
0.817
0.055
0.337
0.26
0.019
0.847
1.433
0.513
5.388
14.184
0.033
3.58
0.25
0.144
26.843
0.852
0.009
1.033
0.113
0.021
4.603
0.933
1.288
0.128
0.122
53.043
0.003
26.622
12.673
169.549
0.005
1117.35
0.713
0.181
0.521
0.115
0.469
0.042
0.002
0.042
20.069
2.099
0.808
0.043
0.272
0.021
244.033
1.246
0.066
0.309
3.115
0.003
0.128
1.818
4.389
35.897
2.451
0.96
0.75
0.01
0.184
104.831
41.368
240.592
