5360
27478
760
47570
525
3142
110915
6890
39898
15985
60767
237752
449486
43213
3323
124
943
478255
6698
44710
14
6456
8210
117373
615
1094071
164
36003
813
109828
26
261975
382105
11840
21439
177
131465
7705
56575
41769
3428
139803
240776
82786
835145
2283268
5896
491730
39713
21968
4322150
133740
1543
163787
21516
3469
728992
135807
197658
24936
19950
6901210
493
3725447
1789741
27682628
828
153101905
122056
25540
81469
17222
75210
6432
352
6362
2946954
348556
142193
7367
45762
3177
35276116
174900
11525
48087
493893
523
21796
288930
702591
5003733
381932
157335
116174
2119
27607
14687347
6180495
34852863
