0.003
0.031
0
0.001
0.008
0.001
0.932
0.035
0.007
0.003
0.172
0
0.002
0.087
0.028
0.267
0.245
0
0.029
0.001
0.002
0
0.003
0.009
0
0.049
0.005
0
0.067
0.001
0.002
0
0
0.015
0.164
0
3.671
0.006
0.137
0.01
0.002
0
0
0.005
0.221
0.001
0.022
0.006
0.001
0.132
0.002
0.018
0.793
1.748
0.146
0.013
0.03
0.625
0.008
0.002
0.864
0.031
0.078
0.001
0.027
0.001
3.37
0.016
0.278
0.002
0.002
0.152
0.037
0.21
0.002
0.001
2.014
0.008
0.12
0.002
0.021
0.197
0.435
0.254
0
3.67
0.205
0.226
0.126
0
0.022
0.079
0
0.374
0.002
0
0.021
0
0.102
0.035
