2203
31373
81
1249
4475
196
713788
38169
6910
2139
110982
274
2479
90971
26987
111571
213141
524
33821
887
1177
5
2428
11280
32
50443
4273
3
36743
209
576
13
215
15432
210300
16
2095242
5287
101075
12441
800
243
73
2773
160683
16
22471
6889
228
99147
1168
16289
429597
1138590
75032
11101
34188
417092
3016
1437
747991
21737
68538
16
26154
39
2574168
13065
211392
1497
586
130520
27852
162123
1826
201
1251465
4384
115821
1721
8342
158538
332276
159596
318
2184775
166260
241140
82409
93
16832
35877
278
234022
1811
114
15987
133
73188
16165
