48231
5571
6759
4185
20097
2113
1033
13815
26451
7731
2223
6525
20835
13005
2167
3231
4833
37755
17127
29007
1341
18747
27099
565
529
1665
3717
13167
8649
187
84735
2023
3015
2941
1105
1573
11997
7083
313
835
1539
4779
3895
14445
97
77301
675
53451
529
28827
43371
133
2419
1231
40581
1177
19323
2131
5337
5463
925
709
17109
585
131
2349
17937
3013
1899
2601
62901
32211
4725
10717
1629
13401
2167
4327
1969
28359
7083
2329
6291
4273
1539
5157
1735
12861
23967
2563
7425
1501
14787
17757
68121
2203
565
3103
2473
2007
