0.006
0.029
0.001
0.086
0.001
0.004
0.223
0.016
0.069
0.051
0.086
0.58
1.723
0.083
0.01
0.001
0.004
0.561
0.02
0.03
0
0.024
0.007
0.203
0.007
0.943
0
0.07
0.004
0.279
0
0.346
1.418
0.096
0.036
0.001
1.303
0.005
0.156
0.064
0.006
0.374
0.448
0.488
0.908
5.774
0.029
3.286
0.309
0.015
3.708
0.553
0.016
0.224
0.045
0.005
0.977
0.301
0.652
0.024
0.021
6.3
0.001
6.58
1.73
31.367
0.001
74.258
0.63
0.125
0.047
0.115
0.137
0.01
0.002
0.009
2.718
0.29
0.325
0.023
0.037
0.015
16.226
0.516
0.02
0.035
0.836
0.001
0.029
0.564
0.412
5.731
0.306
0.121
0.573
0.001
0.239
6.658
23.2
24.294
