0.002
0.024
0
0.002
0.016
0
1.466
0.068
0.006
0.005
0.034
0
0.006
0.085
0.044
0.158
0.064
0.001
0.035
0.001
0.002
0
0.001
0.022
0
0.084
0.01
0
0.061
0.001
0.001
0
0
0.026
0.438
0.001
2.582
0.009
0.068
0.016
0.003
0
0.001
0.005
0.412
0.001
0.015
0.014
0
0.033
0.001
0.024
1.137
2.925
0.084
0.02
0.048
0.344
0.007
0.006
1.23
0.012
0.022
0
0.044
0
2.348
0.017
0.044
0.001
0.001
0.033
0.06
0.365
0.003
0.001
1.269
0.013
0.22
0.005
0.01
0.098
0.204
0.368
0
1.968
0.125
0.162
0.056
0
0.038
0.063
0
0.279
0.003
0
0.016
0
0.125
0.067
