222881
61507
1093671
9
13987
15
4985
13
3387
24597
11
13
322039
7
881
203
9871
1365
497021
71
265
55
15
576385
24159
35
4083
61207
19659
15341
21507
2381
70653
2734663
709
133765
13155
19
47
615731
267075626
23888
4
866
58176
22900
13706078
2866
1221854
106368
4340
2324
10
98474650
18
8248
16
213792
803746
4524
344741
15
703
8755
287071
15
71
190382661
19967
4021569
958015
718423
303
2447
16417
2848655
3273
413477
589
2665
690285
447
63939
7
1514079
18887
470291
59270595
428573
11
33863
49459
21656425
19
129695
13
13885
19886043
41635
598755
