23925
218885
1239
30455
204793
2301
15536183
675239
59543
60087
43673
3163
64659
850089
486311
1475125
506077
2465
338619
12615
18811
7
8911
275783
447
944299
130417
3
508577
861
13255
47
5559
256449
4118975
11
32521887
103071
328685
177821
23363
5449
1491
28211
4645609
11
137345
147135
5341
46071
8893
355465
11647969
40179139
737161
234721
698439
3134347
113983
63437
13487803
152611
138717
215
433969
193
50268229
220237
126873
10893
18323
531943
1009213
5449939
22325
3241
33237261
123591
2929539
53715
118157
2265075
2246027
5719453
4011
23858615
3075937
1903541
614795
553
600649
1470895
2155
4571397
23293
2397
399193
3037
2029957
599207
