0.021
0.007
0.011
0.006
0.012
0.001
0
0.024
0.014
0.005
0.011
0.002
0.008
0.018
0
0.009
0.009
0.016
0.01
0.01
0.003
0.007
0.017
0
0.001
0.004
0.006
0.018
0.01
0
0.05
0.001
0.017
0.001
0.001
0
0.016
0.035
0.001
0.001
0.01
0.014
0.001
0.014
0
0.024
0.002
0.018
0
0.011
0.014
0
0.001
0
0.026
0
0.013
0.001
0.006
0.006
0.001
0
0.007
0.005
0
0.003
0.012
0.001
0.011
0.006
0.019
0.012
0.009
0.002
0.002
0.016
0
0.001
0.001
0.019
0.005
0
0.006
0.001
0.011
0.008
0.001
0.006
0.012
0.001
0.005
0
0.011
0.012
0.019
0.001
0.001
0.001
0.001
0.009
