4725
29045
691
96851
2025
2619
256853
24075
81839
64395
95211
663077
2605943
104519
15993
1863
6093
516161
21917
6329
24
25822
5392
196822
10304
267672
116
98722
5228
306118
132
200836
2488206
111934
34408
728
2389510
766
173530
51922
6597
514793
617807
743771
269291
8282981
56475
6696391
571439
9857
174539
934553
29691
242633
47349
3501
909857
434927
1087085
16083
19954
6724742
1124
7767462
709230
33409560
350
28604912
1083052
244252
41032
203050
385876
12466
4616
18298
1452540
479440
428428
32030
24941
24525
654511
817895
24741
23627
979787
2259
43299
864155
92567
4628929
412643
32501
1007597
441
404993
2305975
42618847
3424801
