0.006
0.009
0.024
0.008
0.011
0.002
0.004
0.01
0.012
0.006
0.014
0.006
0.006
0.013
0.003
0.011
0.005
0.007
0.009
0.008
0.005
0.012
0.007
0.001
0.003
0.007
0.008
0.018
0.009
0.001
0.015
0.002
0.013
0.002
0.002
0.001
0.009
0.012
0.002
0.002
0.011
0.012
0.002
0.017
0.002
0.011
0.007
0.004
0.001
0.005
0.013
0.002
0.002
0.002
0.017
0.004
0.019
0.002
0.007
0.006
0.002
0.002
0.012
0.011
0.001
0.004
0.005
0.003
0.008
0.01
0.01
0.01
0.012
0.003
0.009
0.014
0.002
0.004
0.004
0.016
0.009
0.002
0.01
0.002
0.017
0.01
0.001
0.007
0.009
0.004
0.005
0.003
0.012
0.011
0.006
0.004
0.002
0.003
0.003
0.011
