0.005
0.029
0.002
0.116
0.004
0.003
0.187
0.015
0.017
0.019
0.061
0.232
0.263
0.125
0.017
0.003
0.003
0.435
0.01
0.078
0.003
0.007
0.008
0.118
0.007
1.061
0.001
0.081
0.008
0.139
0.002
0.22
0.415
0.01
0.029
0.002
0.387
0.008
0.109
0.056
0.007
0.237
0.207
0.115
0.903
1.816
0.011
0.844
0.163
0.167
1.939
0.117
0.008
0.235
0.027
0.008
0.454
0.114
0.258
0.061
0.031
3.891
0.002
3.963
2.054
14.88
0.003
63.43
0.128
0.035
0.128
0.052
0.135
0.008
0.002
0.013
1.933
0.813
0.201
0.017
0.062
0.012
15.535
0.136
0.033
0.057
0.418
0.002
0.08
0.146
0.447
3.931
0.474
0.116
0.392
0.003
0.159
7.748
7.526
15.746
