7690
12924
27368
12797
15145
840
844
15797
14806
7802
15126
3699
7885
15513
852
8219
4168
7446
14815
7574
4036
12773
7860
444
1443
11984
7861
26897
13813
532
16181
601
15394
1450
490
712
14988
15829
1564
2281
16173
15832
873
29121
505
13918
8414
4619
944
7964
20746
458
1220
790
25902
422
30130
926
7555
8004
727
422
15683
15605
71
4054
7899
1713
14558
12954
12616
13751
14322
1707
6991
16025
2398
1344
934
25016
7472
1198
14639
940
24413
13463
846
8223
12996
939
4050
476
13174
14576
8149
930
803
1276
1690
16313
