8347
62576
3172
189002
5737
4135
419950
32385
33338
32974
114888
482764
513601
226746
25684
1709
3938
944179
15641
120465
259
15358
15669
227295
9381
2049157
485
178563
11245
239581
376
477322
916555
16359
56311
2476
797502
16277
211545
114586
12449
524101
460410
225238
1804332
3831106
25926
1802181
335893
318832
4140188
255571
13801
486112
56582
14198
1015680
246807
508534
129530
65304
8221513
1955
8045974
3720749
31650436
3877
131957277
246411
60654
241778
97127
238190
14627
1928
27207
4059497
1483888
435392
29629
117806
27580
32692421
261873
56679
114335
925446
3223
157547
260018
989711
8143159
899992
244091
755283
3819
321076
16427060
15800079
32684668
