0.012
0.002
0.004
0.002
0.002
0.005
0.003
0.001
0.002
0.001
0.002
0.001
0.001
0.001
0.001
0.004
0.002
0.001
0.002
0
0.002
0.002
0.001
0.002
0.001
0.002
0.001
0.002
0.002
0.001
0.003
0.003
0.002
0.003
0.001
0.003
0.001
0.001
0.001
0.002
0.016
0.001
0.001
0.002
0.002
0.002
0.018
0.002
0.005
0.002
0.001
0.001
0.001
0.183
0.001
0.001
0
0.002
0.003
0.001
0.003
0.001
0.001
0.002
0.003
0.002
0.001
0.015
0.001
0.008
0.002
0.002
0.002
0.002
0.003
0.006
0.016
0.006
0.001
0.001
0.002
0.002
0.002
0.002
0.004
0.001
0.003
0.017
0.003
0.002
0.002
0.002
0.006
0.001
0.002
0.002
0.002
0.027
0.001
0.002
