0.005
0.019
0.003
0.023
0.003
0.005
0.05
0.013
0.016
0.013
0.025
0.148
0.219
0.087
0.006
0.004
0.003
0.229
0.014
0.1
0.004
0.012
0.008
0.053
0.005
0.651
0.002
0.045
0.006
0.094
0.003
0.102
0.304
0.009
0.018
0.003
0.082
0.006
0.028
0.031
0.009
0.071
0.113
0.048
0.378
1.384
0.024
0.131
0.06
0.037
1.226
0.055
0.004
0.082
0.01
0.017
0.372
0.079
0.204
0.044
0.025
1.817
0.002
1.305
0.595
7.276
0.003
43.493
0.055
0.08
0.034
0.053
0.043
0.01
0.005
0.005
0.974
0.353
0.117
0.011
0.043
0.009
12.436
0.166
0.017
0.023
0.192
0.004
0.021
0.138
0.24
1.701
0.183
0.06
0.224
0.003
0.051
5.94
2.931
10.427
