1080
7332
149
7813
245
614
16275
3136
4601
3627
7386
57796
61143
23436
1038
126
250
66273
3952
25015
33
3380
1136
15564
601
217390
120
13879
926
28434
35
29648
108169
2196
4591
122
28523
1162
7515
8715
1583
29263
31449
15943
118155
456420
5051
36262
18195
12737
256896
17649
611
31181
2112
3269
122671
30814
59395
10956
7641
528198
251
264836
134109
1976220
273
8325224
14821
17442
9169
13300
15577
2256
445
1196
256152
100985
32795
1876
13768
1955
3714872
51126
2105
8089
61346
458
6618
33474
65923
528240
58640
17481
51850
445
14392
1845078
970479
2063613
