0.005
0.007
0.007
0.006
0.009
0.005
0.003
0.012
0.007
0.008
0.01
0.003
0.007
0.011
0.004
0.014
0.005
0.008
0.007
0.006
0.012
0.003
0.008
0.004
0.002
0.009
0.006
0.012
0.008
0.004
0.017
0.002
0.01
0.006
0.003
0.012
0.007
0.014
0.006
0.003
0.028
0.009
0.006
0.007
0.007
0.018
0.003
0.008
0.006
0.009
0.014
0.002
0.004
0.005
0.014
0.004
0.012
0.008
0.007
0.005
0.004
0.003
0.012
0.007
0.001
0.006
0.011
0.003
0.01
0.01
0.007
0.009
0.012
0.005
0.009
0.009
0.003
0.005
0.006
0.011
0.004
0.004
0.007
0.003
0.014
0.007
0.003
0.007
0.01
0.014
0.008
0.003
0.01
0.009
0.014
0.005
0.002
0.004
0.003
0.009
