0.004
0.002
0.005
0.003
0.003
0.002
0.004
0.003
0.003
0.005
0.002
0.002
0.005
0.002
0.003
0.001
0.003
0.003
0.003
0.002
0.002
0.002
0.003
0.004
0.003
0.003
0.002
0.002
0.004
0.004
0.003
0.002
0.002
0.006
0.003
0.002
0.003
0.002
0.003
0.002
0.041
0.003
0.003
0.004
0.003
0.002
0.018
0.002
0.008
0.003
0.003
0.004
0.002
0.16
0.003
0.004
0.005
0.003
0.004
0.003
0.003
0.004
0.004
0.003
0.004
0.003
0.002
0.017
0.003
0.009
0.004
0.007
0.004
0.004
0.002
0.009
0.013
0.008
0.004
0.003
0.004
0.005
0.005
0.005
0.003
0.002
0.003
0.033
0.004
0.002
0.003
0.003
0.013
0.004
0.005
0.003
0.002
0.042
0.004
0.003
